
Instructions

Using the following options:

case_thickness = 2.4
type_of_case = 3
4height = 9.5
image_scale = 240
5length = 123.8
image_rotation = 30
primary_color = black
5swidth = 6.1
4width = 58.55
5height = 7.6
iphone_version = 1
index_j = 0
index_i = 1
pattern_shape = 30
5sthick = 1.0
5cornerR = 8
4_perimeter_tolerance = .5
5width = 58.6
include_hooks = no
4sthick = .6
case_taper = 3
pattern_overlap = 18
4cornerR = 8
pattern_rotation = 13
5_perimeter_tolerance = .5
5_height_tolerance = .2
4swidth = 6.17
offY = 0
offX = 0
pattern_radius = 17
4length = 115.25
mashup_type = 1
input = [[400,300],[[200,-1],[0,-1],[0,149],[0,299],[101.65,299],[203.3,299],[199.32,296.12],[196.03,293.07],[193.71,289.8],[192.23,285.19],[190.98,278.93],[189.93,271.96],[188.97,265.64],[187.81,260.44],[186.28,256.14],[184.54,253.48],[182.86,252.2],[181.09,252.94],[179.07,255.38],[175.52,259.65],[169.99,265.01],[164.06,270.76],[159.54,275.94],[156.68,280.9],[154.85,286.12],[153.78,290.18],[152.88,292.4],[151.61,292.57],[149.6,291.66],[147.03,289.14],[144.39,285.4],[142.36,280.87],[141.75,276.52],[142.29,272.56],[143.49,269.02],[145.97,264.83],[149.58,259.32],[153.05,253.44],[154,249.02],[153.64,246.15],[152.75,244.72],[150.67,245.1],[147.42,246.63],[141.72,248.99],[133.73,251.37],[125.97,253.62],[120.81,255.68],[117.65,258.28],[114.68,261.81],[112.28,264.77],[110.46,266],[108.99,265.09],[107.44,262.89],[106.14,259.13],[105.28,254.46],[104.73,249.14],[107.62,246.49],[111.96,243.13],[118.35,238.78],[124.45,234.29],[128.1,230.61],[129.44,227.48],[130,224.31],[129.68,221.86],[128.92,220.45],[127.37,220.73],[125.17,222.34],[122.15,224.62],[118.65,226.5],[112.71,228.35],[103.84,230.53],[95.14,232.71],[89.59,234.52],[86.43,236.5],[83.46,239.05],[80.91,241.13],[78.76,242],[77.01,241.09],[75.45,238.53],[74.43,234.74],[74,230.49],[74.5,226.4],[76.31,223.6],[80.3,221.18],[86.67,218.61],[93.66,215.89],[99.18,213.1],[103.16,209.75],[105.89,205.04],[107.32,200.93],[107.6,198.4],[106.8,197.41],[105.63,197],[102.95,197.88],[98.5,200],[93.61,202.12],[89.86,203],[86.61,202.4],[82.93,200.97],[78.52,198.08],[73.5,194],[68.45,189.9],[63.97,186.98],[59.47,185.41],[53.94,185.11],[49.54,185.06],[47.31,184.64],[47.44,182.89],[48.72,179.63],[51.17,175.98],[54.31,173.66],[57.64,172.49],[60.72,172],[65.24,172.73],[72,174.5],[78.89,176.27],[83.73,177],[86.9,176.59],[89.8,175.6],[92.4,173.86],[94.88,171.65],[96.41,169.38],[96.66,167.55],[95.57,166.45],[93.78,165.99],[90.7,165.14],[86.5,163.1],[80.93,159.26],[74.58,154.09],[68.02,149],[62.34,146.41],[58.44,145.07],[56.52,144.02],[56.33,142.95],[56.62,141.55],[57.89,139.97],[60.07,138.46],[63.4,137.43],[67.44,137],[73.5,138.03],[82.24,140.85],[90.6,143.77],[96.31,145.41],[100.02,145.59],[103.56,144.98],[106.14,143.66],[107,141.97],[106.57,140.41],[105.54,139.28],[102.77,136.33],[98.16,130.38],[92.46,123.49],[87.37,119.93],[81.69,118.02],[73.18,117.69],[65.65,117.49],[63.3,116.34],[63.84,114.31],[66.12,111.38],[69.97,107.98],[74.48,104.69],[79.72,102.06],[85.98,101.64],[92.91,102.47],[100.78,104.89],[107.89,107.09],[113.28,107.96],[117.5,107.91],[113.38,104.21],[109.96,100.79],[107.52,97.77],[105.46,92.4],[102.92,83.34],[99.99,73.25],[96.89,68.39],[94.77,65.62],[94.31,63.63],[95.84,62.26],[98.69,61.07],[102.51,60.32],[106.35,60.01],[110.08,60.48],[113.64,61.63],[117.21,64.39],[120.98,68.88],[124.34,73.64],[126.96,77.19],[129.98,79.84],[134.31,82.45],[139.4,84.34],[144.24,85.23],[147.75,85.16],[149.63,84.7],[149.43,82.95],[147.93,79.74],[145.5,75.5],[145,58.5],[144.5,41.5],[142.05,38.23],[139.6,34.97],[141.23,33.35],[143.79,32.07],[147.68,31.27],[151.88,31.26],[155.2,31.87],[157.57,33.31],[159.47,35.32],[161.04,39.63],[162.6,46.62],[164.15,53.85],[165.7,58.78],[167.53,61.67],[169.76,64.03],[172.68,65.76],[176.17,67.17],[179.33,67.79],[181.05,67.35],[181.24,65.36],[179.85,61.43],[178.2,56.23],[177.65,50.5],[178.1,45.3],[179.27,41.4],[182.87,36.75],[189.24,29.9],[195.97,22.48],[198.8,17.38],[199.65,12.96],[200,8.1],[200.35,4.02],[201.48,2.37],[203.46,2.51],[206.13,3.65],[208.96,5.76],[211.33,8.24],[212.96,11.79],[213.8,16.93],[213.47,23.74],[210.62,33.36],[207.91,42.54],[207,49.17],[207.5,53.96],[208.75,57.91],[210.28,60.32],[211.5,61.31],[212.69,60.29],[214.14,57.89],[218.37,52.55],[226.23,44.48],[234.82,35.61],[238.17,29.98],[239.71,26.7],[241.31,25.18],[243.05,25.86],[244.97,28.18],[246.45,31.81],[246.95,36],[246.54,40.24],[245.62,44.12],[243.33,48.74],[239.65,54.77],[235.9,60.81],[233.44,65.48],[232.44,69.1],[233,72.51],[234.19,75.2],[235.49,76.99],[237.01,77.63],[238.83,77.09],[241.01,74.95],[243.52,71.27],[246.37,66.92],[249.38,63.16],[252.4,60.38],[255.28,58.37],[259.1,56.77],[264.39,54.96],[269.96,52.83],[274.48,50.45],[277.55,48.79],[279.63,48.41],[280.63,49.89],[281,53.03],[280.66,56.57],[279.84,59.32],[277.04,62.99],[271.93,68.76],[266.51,75.22],[262.98,80.54],[261.44,84.8],[261.42,88.44],[262.28,90.97],[263.44,92.34],[265.15,91.66],[267.41,88.95],[270.39,85.6],[273.91,83.04],[278.69,81.35],[284.66,80.07],[291.97,79.07],[299.95,78.04],[307.09,76.7],[312.35,74.93],[315.68,73.55],[317.14,74.19],[317.73,75.85],[317.98,78],[317.41,80.71],[316.04,83.71],[313.48,86.57],[310.09,88.96],[305.69,90.98],[300.73,93],[296.04,95.3],[292.28,98.03],[289.71,101.5],[288.1,105.78],[287.27,110.2],[286.8,114.21],[286.85,117.04],[287.27,118.6],[289.59,117.88],[294.22,115.19],[299.75,111.84],[304.22,109.55],[308.35,108.46],[313.05,108],[319.59,108.95],[328.83,111.7],[338.43,114.55],[345.25,115.24],[351,115.09],[351,117.3],[350.4,119.83],[348.97,122.82],[346.29,125.76],[342.53,128.09],[336.39,129.78],[327.31,131.03],[318.79,131.91],[313.5,132.63],[310.28,133.62],[306.76,135.13],[303.64,137.22],[301.37,139.56],[300.43,141.6],[300.6,142.89],[303.14,143.78],[307.97,144.82],[314.68,146.77],[321.97,150.67],[328.87,154.82],[334.89,158.19],[340.4,160.4],[346.21,161],[352.13,161],[351.82,163.7],[350.75,166.21],[348.16,168.34],[344.83,170.29],[324.92,170.11],[308.28,170.27],[302.01,171.49],[299.86,173.14],[299,174.91],[300.17,177.28],[302.97,180.35],[307.55,183.79],[313,187],[319.1,189.63],[325.28,191.66],[332.26,192.77],[341.25,192.62],[349.11,192.38],[351,193.38],[349.84,195.41],[347.06,198.33],[342.75,201.32],[337.88,203.44],[331.27,204.58],[322.07,204.93],[312.99,204.64],[306,204.06],[301.75,203.65],[299.25,203.75],[299.68,205.57],[303.12,209.82],[307.72,215.86],[311.61,222.53],[314.7,228.21],[317.38,231.89],[320.36,233.86],[324.14,235.43],[327.37,236.82],[328.83,238.37],[328.02,240.1],[324.83,241.99],[320.51,243.39],[316.2,243.98],[312.36,243.58],[309.17,242.59],[304.79,238.91],[298.1,232.05],[291.38,225.18],[286.93,221.46],[284.21,220.43],[281.63,220],[279.42,220.18],[277.58,220.61],[276.47,221.37],[276.02,222.36],[276.89,224.43],[278.95,227.8],[282.06,233.99],[285.44,242.8],[288.54,251.31],[290.99,256.75],[293.56,259.85],[296.95,262.75],[299.77,265.05],[300.96,266.71],[300.42,267.88],[299.07,268.96],[296.81,269.7],[294.11,270],[291.16,269.65],[288.3,268.79],[285.08,267.11],[281.26,264.75],[276.64,260.71],[271.47,254.96],[266.65,249.58],[262.83,246.41],[259.74,244.81],[257.79,246.77],[255.41,251.05],[252.43,258.61],[249.77,267.76],[249.05,275],[249.49,280.75],[250.49,285.43],[251.33,288.45],[251.39,290.18],[250.24,290.76],[248.19,291],[245.36,290.43],[242.33,289.06],[239.21,286.02],[236.18,280.81],[233.45,274.3],[231.09,267.5],[228.95,261.38],[226.72,256.5],[224.45,253.48],[222.19,252.18],[219.74,252.74],[216.88,255.13],[213.83,258.73],[210.8,262.79],[208.12,267.46],[205.9,272.56],[204.56,277.89],[204,283.14],[204.51,288.37],[205.75,293.66],[207.5,298.99],[303.75,298.99],[400,299],[400,149],[400,-1],[200,-1]],[[190.13,77.07],[186.47,77.65],[179.96,78.94],[171.81,81.11],[164.2,83.78],[156.48,87.87],[148.06,93.46],[139.72,100.52],[132.42,108.3],[126.99,115.56],[123.36,121.5],[121.7,125.53],[121.01,128.21],[121.61,129.75],[123.08,131.04],[124.94,131.68],[126.49,131.64],[128.7,128.84],[132.14,122.81],[137.38,114.43],[144.97,105.89],[153.85,97.88],[164,92.09],[174.13,87.73],[183.45,85.11],[190.24,83.37],[193.39,81.74],[193.83,80.16],[193.07,78.58],[191.66,77.49],[190.13,77.07]],[[209.74,77],[207.74,77.35],[206.2,78.2],[205.35,79.26],[205,80.13],[205.46,81.1],[206.57,82.43],[208.57,83.54],[211.18,84],[215.12,84.46],[220.36,85.58],[227.78,88.18],[237,92.2],[247.27,97.94],[256.62,106.37],[264.23,114.74],[268.79,121.56],[271.39,126.21],[273.35,128.88],[274.99,129.62],[276.94,129.03],[278.39,127.79],[279,126.34],[278.11,123.66],[275.98,119.47],[272.52,114.03],[268.44,108.35],[263.7,102.9],[258.67,98],[253.06,93.59],[246.96,89.3],[240.47,85.6],[233.94,82.63],[227.06,80.42],[219.73,78.58],[213.64,77.46],[209.74,77]],[[188.06,93.05],[185.17,93.82],[179,95.6],[171.43,98.31],[165.18,101.3],[159.8,105],[154.34,109.4],[149.01,114.78],[143.92,120.8],[140.44,126.06],[139,129.58],[139.5,131.36],[140.75,132.38],[147.02,132.83],[159.64,133.19],[176.79,133.5],[178.83,131.65],[181.85,125.67],[186.52,112.69],[192.15,95.58],[190.38,94.29],[188.97,93.4],[188.06,93.05]],[[213.76,93.47],[210.69,93.25],[209.44,94.3],[210.55,100.03],[214.06,111.66],[218.15,123.66],[220.67,130.27],[222.07,133.04],[242.29,132.77],[262.5,132.5],[262.36,130.73],[261.27,127.79],[258.86,123.24],[254.98,117.7],[250.38,112.43],[245.01,107.66],[239.29,103.36],[232.76,99.78],[225.42,96.77],[218.73,94.73],[213.76,93.47]],[[201.32,102.26],[200.21,102.52],[199.21,103.69],[197.46,108.45],[194.58,117.34],[192.06,126.34],[191.19,131.34],[192.03,133.02],[194.25,133.44],[197.96,133.34],[203.03,133.19],[207.83,132.69],[209.66,131.45],[209.29,127.51],[207.57,120.2],[205.33,112.2],[203.69,106.57],[202.5,103.69],[201.32,102.26]],[[282.4,139.29],[280.95,139.59],[279,140.8],[276.69,142.67],[277.89,146.08],[278.9,150.7],[279.67,157],[279.73,164.5],[279.08,172],[277.42,179.72],[275.07,187.76],[272.08,195.26],[268.87,201.68],[264.8,207.5],[259.75,213.55],[255.69,218.52],[254,221.77],[254.49,223.38],[255.68,224.43],[258.49,223.36],[263.96,218.29],[269.99,211.14],[275.21,203.5],[279.09,196.33],[281.88,190.33],[283.8,184.27],[285.57,176.95],[286.75,167.94],[286.81,157.11],[286.11,147.8],[284.94,142.57],[283.6,140.4],[282.4,139.29]],[[150.5,141.49],[146.58,141.36],[144.17,141.82],[144.3,143.5],[148.17,147.17],[153.9,151.7],[160.18,156.31],[165.37,159.62],[168.46,161],[170.15,159.77],[171.97,156.58],[173.62,152.34],[174.91,148.36],[175.43,145.45],[175.2,143.8],[171.88,143.12],[164.97,142.54],[156.81,142.02],[150.5,141.49]],[[119.34,142.19],[117.64,142.28],[116.55,142.91],[115.81,146.2],[114.93,152.67],[114.44,161.54],[114.97,170.7],[116.58,179.99],[118.98,189.25],[122.19,197.67],[125.73,204.93],[130.36,211.54],[136.2,218.38],[142.91,225.4],[144.95,223.54],[146.4,221.82],[147,220.27],[145.79,218.19],[142.88,215.18],[138.8,210.86],[134.77,205.64],[131.13,199.69],[128.01,193.64],[125.54,187.1],[123.49,180],[122.12,170.71],[121.62,157.5],[121.5,142.5],[119.34,142.19]],[[200.68,142.02],[191.72,142.25],[187.29,142.8],[185.38,146.27],[182.47,153.53],[179.76,161.36],[178.32,166.2],[178.72,169],[182.56,172.2],[187.6,175.78],[193.05,179.75],[197.69,182.75],[200.8,184],[203.79,182.75],[208.16,179.73],[213.18,175.91],[217.75,172.71],[221.16,169.93],[222,167],[221.11,162.11],[218.96,154.55],[216.37,147.4],[214.39,143.54],[210.69,142.32],[200.68,142.02]],[[241.69,142.02],[231.26,142.29],[226.1,142.92],[225.51,145.21],[227.6,152.15],[230.33,158.83],[232.57,160.8],[235.69,159.76],[240.57,156.48],[246.14,152.47],[251.19,149.31],[254.67,147.07],[256.45,145.28],[256.68,143.98],[256.44,142.91],[251.88,142.27],[241.69,142.02]],[[134.36,149.7],[133.16,149.7],[131.87,150.65],[130.87,154.16],[130.66,161.89],[131.25,170.57],[132.48,177.94],[134.48,184.27],[136.94,190.44],[140.61,196.85],[145.52,203.75],[149.96,208.87],[152.5,211],[154.1,209.02],[156.29,204.25],[159.2,196.17],[162.51,186.22],[164.88,177.71],[165.52,173.07],[162.39,169.71],[155.71,164.27],[147.59,158.37],[141,153.87],[136.78,151.21],[134.36,149.7]],[[267.93,149.26],[262.66,152.16],[252,159.47],[241.37,167.44],[236.16,171.91],[236.02,176.56],[240.44,191.35],[244.84,204.04],[247.56,210.05],[249.6,210.21],[253.44,206.72],[257.73,201.48],[261.9,195.29],[265.39,188.12],[268.01,180.47],[269.61,172.34],[270.58,164],[270.7,157.12],[270.24,152.5],[269.2,150.31],[267.93,149.26]],[[224.99,179.28],[223.02,179.9],[220.39,181.76],[217.22,184.44],[213.99,187.02],[211.55,189.45],[211.39,191.64],[213.69,194.4],[218.28,198.06],[223.64,201.93],[227.78,205.18],[230.66,207.17],[232.98,208],[234.48,207.74],[235.42,207.13],[234.41,202.59],[231.22,192.89],[227.34,183],[224.99,179.28]],[[180.36,182.49],[176.73,180.64],[174.85,181.29],[172.61,185.69],[169.14,194.35],[166.25,203.06],[165.39,207.58],[166.54,208.5],[169.74,207.01],[174.97,203.62],[182.25,198.45],[188.67,193.24],[191,190.19],[190.08,188.42],[187.75,186.71],[184.24,184.79],[180.36,182.49]],[[201.53,198.25],[197.67,199.52],[190.47,203.92],[182.25,209.61],[175.08,214.76],[170.44,218.45],[168.28,220.65],[168.47,221.89],[169.45,223.31],[172.23,225.04],[176.75,227.02],[183.6,228.85],[192,230.22],[201.79,230.73],[212.47,229.63],[221.64,227.83],[227.97,225.75],[231.36,223.57],[232.74,221.5],[229.84,217.73],[218.3,209.08],[207.32,201.6],[201.53,198.25]],[[241.68,228.03],[240.26,228.52],[238.5,229.64],[235.48,231.49],[231.03,233.7],[224.53,236.01],[216.6,238.09],[208.78,239.43],[202.57,239.98],[196.6,239.55],[189.35,238.52],[182.17,237.16],[176.35,235.9],[171.02,234.21],[165.02,231.82],[159.86,229.86],[156.52,229.21],[154.98,230.02],[154.2,231.63],[155.24,234.04],[160.36,237.31],[166.9,240.43],[173.53,242.94],[181.08,244.73],[189.8,246.14],[199.45,246.76],[209.31,246.06],[218.28,244.61],[225.88,242.81],[232.02,240.64],[237.5,238.27],[241.55,236.05],[244.25,234.23],[245.49,232.92],[246,231.92],[245.54,230.91],[244.43,229.57],[242.97,228.47],[241.68,228.03]]]
4_height_tolerance = .2
pattern_thickness = 13
